Sz          = -3.42331565823124295e-01  0.00000000000000000e+00
Sx          =  3.53019571070610050e-01  0.00000000000000000e+00
hamiltonian = -7.20029980608084985e-01  0.00000000000000000e+00
SzSz        =  2.61104538321978996e-01  0.00000000000000000e+00
SxSx        =  2.70760669818091548e-01  0.00000000000000000e+00
SySy        = -4.02332426503205151e-02  0.00000000000000000e+00
