Sz          =  8.58419758191371039e-14  0.00000000000000000e+00
Sx          =  4.78676320986664239e-01  0.00000000000000000e+00
hamiltonian = -9.85489107409208143e-01  0.00000000000000000e+00
SzSz        =  7.60040975345301073e-02  0.00000000000000000e+00
SxSx        =  4.67617966554818798e-01  0.00000000000000000e+00
SySy        = -6.13257287976400681e-02  0.00000000000000000e+00
