Sz          =  2.97866940633678468e-01  0.00000000000000000e+00
Sx          =  3.86024186105261347e-01  0.00000000000000000e+00
hamiltonian = -7.57303058492394432e-01  0.00000000000000000e+00
SzSz        =  2.16869199269267704e-01  0.00000000000000000e+00
SxSx        =  3.19350131135865190e-01  0.00000000000000000e+00
SySy        = -4.77650048854763240e-02  0.00000000000000000e+00
