Sz          = -1.44480139322551353e-13  0.00000000000000000e+00
Sx          =  4.85019489643428336e-01  0.00000000000000000e+00
hamiltonian = -1.12998528145652011e+00  0.00000000000000000e+00
SzSz        =  6.29424042409086199e-02  0.00000000000000000e+00
SxSx        =  4.77317836229967096e-01  0.00000000000000000e+00
SySy        = -5.41524069446117778e-02  0.00000000000000000e+00
