Sz          =  1.97901484879173137e-05  0.00000000000000000e+00
Sx          =  4.86485308479293110e-01  0.00000000000000000e+00
hamiltonian = -1.17853427990178705e+00  0.00000000000000000e+00
SzSz        =  5.96180703993896693e-02  0.00000000000000000e+00
SxSx        =  4.79552859106474494e-01  0.00000000000000000e+00
SySy        = -5.20562995558558894e-02  0.00000000000000000e+00
