Sz          =  4.02322615650947457e-01  0.00000000000000000e+00
Sx          =  2.90908379497381353e-01  0.00000000000000000e+00
hamiltonian = -6.55482173008920199e-01  0.00000000000000000e+00
SzSz        =  3.35482955582839470e-01  0.00000000000000000e+00
SxSx        =  1.88012957672223369e-01  0.00000000000000000e+00
SySy        = -2.75829001558292805e-02  0.00000000000000000e+00
