Sz          =  1.30296192827978222e-13  0.00000000000000000e+00
Sx          =  4.86485308799759930e-01  0.00000000000000000e+00
hamiltonian = -1.17853428012705841e+00  0.00000000000000000e+00
SzSz        =  5.96180698875855078e-02  0.00000000000000000e+00
SxSx        =  4.79552859688686217e-01  0.00000000000000000e+00
SySy        = -5.20562996767819294e-02  0.00000000000000000e+00
