Sz          =  6.15159340687508129e-06  0.00000000000000000e+00
Sx          =  4.87737178838302532e-01  0.00000000000000000e+00
hamiltonian = -1.22722461097822877e+00  0.00000000000000000e+00
SzSz        =  5.66553817662933112e-02  0.00000000000000000e+00
SxSx        =  4.81459432468923476e-01  0.00000000000000000e+00
SySy        = -5.00973711718233766e-02  0.00000000000000000e+00
