Sz          =  4.99373912558334854e-01  0.00000000000000000e+00
Sx          =  2.50104273109847466e-02  0.00000000000000000e+00
hamiltonian = -5.01250260547362547e-01  0.00000000000000000e+00
SzSz        =  4.98749217816264190e-01  0.00000000000000000e+00
SxSx        =  1.45899065690434653e-03  0.00000000000000000e+00
SySy        = -2.08468990503544213e-04  0.00000000000000000e+00
