Sz          =  4.97482489246794279e-01  0.00000000000000000e+00
Sx          =  5.00836559136215859e-02  0.00000000000000000e+00
hamiltonian = -5.05004176692116502e-01  0.00000000000000000e+00
SzSz        =  4.94987445509392110e-01  0.00000000000000000e+00
SxSx        =  5.84383638526985751e-03  0.00000000000000000e+00
SySy        = -8.35452977200830870e-04  0.00000000000000000e+00
