Sz          =  1.67713372207593882e-12  0.00000000000000000e+00
Sx          =  4.83284670370668135e-01  0.00000000000000000e+00
hamiltonian = -1.08160379450841426e+00  0.00000000000000000e+00
SzSz        =  6.67059867298067100e-02  0.00000000000000000e+00
SxSx        =  4.74669260991022912e-01  0.00000000000000000e+00
SySy        = -5.63937445843792490e-02  0.00000000000000000e+00
