Sz          = -4.89712355888235862e-01  0.00000000000000000e+00
Sx          =  1.00677103596781864e-01  0.00000000000000000e+00
hamiltonian = -5.20067358911738609e-01  0.00000000000000000e+00
SzSz        =  4.79796517473039141e-01  0.00000000000000000e+00
SxSx        =  2.35042762684271010e-02  0.00000000000000000e+00
SySy        = -3.36774896280028985e-03  0.00000000000000000e+00
