Sz          =  4.89712356048460640e-01  0.00000000000000000e+00
Sx          =  1.00677102836793500e-01  0.00000000000000000e+00
hamiltonian = -5.20067358911737387e-01  0.00000000000000000e+00
SzSz        =  4.79796517777033138e-01  0.00000000000000000e+00
SxSx        =  2.35042758292298322e-02  0.00000000000000000e+00
SySy        = -3.36774882208350527e-03  0.00000000000000000e+00
