Sz          =  7.00031801447248296e-08  0.00000000000000000e+00
Sx          =  4.91298098071581091e-01  0.00000000000000000e+00
hamiltonian = -1.42303986960010875e+00  0.00000000000000000e+00
SzSz        =  4.74051949996818489e-02  0.00000000000000000e+00
SxSx        =  4.86870292554249573e-01  0.00000000000000000e+00
SySy        = -4.34467331676422278e-02  0.00000000000000000e+00
