Sz          =  4.40672044226310733e-01  0.00000000000000000e+00
Sx          =  2.33285573599315510e-01  0.00000000000000000e+00
hamiltonian = -6.03069387020655823e-01  0.00000000000000000e+00
SzSz        =  3.93112370797350286e-01  0.00000000000000000e+00
SxSx        =  1.22980409864787324e-01  0.00000000000000000e+00
SySy        = -1.78662523530649896e-02  0.00000000000000000e+00
