Sz          =  2.34598089113887354e-01  0.00000000000000000e+00
Sx          =  4.20419921355876469e-01  0.00000000000000000e+00
hamiltonian = -7.98281614874241763e-01  0.00000000000000000e+00
SzSz        =  1.67651733993418844e-01  0.00000000000000000e+00
SxSx        =  3.72912036142422076e-01  0.00000000000000000e+00
SySy        = -5.61427478510264505e-02  0.00000000000000000e+00
