Sz          =  1.95854624762858412e-06  0.00000000000000000e+00
Sx          =  4.88816293675498503e-01  0.00000000000000000e+00
hamiltonian = -1.27603555074402841e+00  0.00000000000000000e+00
SzSz        =  5.39948165552786644e-02  0.00000000000000000e+00
SxSx        =  4.83101156174908397e-01  0.00000000000000000e+00
SySy        = -4.82663392943195949e-02  0.00000000000000000e+00
