Sz          =  3.76008715579250863e-01  0.00000000000000000e+00
Sx          =  3.21286581782826652e-01  0.00000000000000000e+00
hamiltonian = -6.86162453245892201e-01  0.00000000000000000e+00
SzSz        =  3.00618555354054573e-01  0.00000000000000000e+00
SxSx        =  2.26960813451345167e-01  0.00000000000000000e+00
SySy        = -3.34956290757252723e-02  0.00000000000000000e+00
