Sz          =  3.33503845306876940e-14  0.00000000000000000e+00
Sx          =  4.91298098071584977e-01  0.00000000000000000e+00
hamiltonian = -1.42303986960011386e+00  0.00000000000000000e+00
SzSz        =  4.74051949996760758e-02  0.00000000000000000e+00
SxSx        =  4.86870292554256845e-01  0.00000000000000000e+00
SySy        = -4.34467331676445315e-02  0.00000000000000000e+00
