Sz          = -4.75974310013206114e-01  0.00000000000000000e+00
Sx          =  1.52332683012549153e-01  0.00000000000000000e+00
hamiltonian = -5.45345944127174520e-01  0.00000000000000000e+00
SzSz        =  4.53946334324672129e-01  0.00000000000000000e+00
SxSx        =  5.33926762615864955e-02  0.00000000000000000e+00
SySy        = -7.68049801318744854e-03  0.00000000000000000e+00
