Sz          = -4.99373912552772914e-01  0.00000000000000000e+00
Sx          =  2.50104274218538244e-02  0.00000000000000000e+00
hamiltonian = -5.01250260547362436e-01  0.00000000000000000e+00
SzSz        =  4.98749217805177225e-01  0.00000000000000000e+00
SxSx        =  1.45899067348922822e-03  0.00000000000000000e+00
SySy        = -2.08468996015276830e-04  0.00000000000000000e+00
