Sz          =  4.02322065054086575e-01  0.00000000000000000e+00
Sx          =  2.90909019073752606e-01  0.00000000000000000e+00
hamiltonian = -6.55482174872679124e-01  0.00000000000000000e+00
SzSz        =  3.35482253912593231e-01  0.00000000000000000e+00
SxSx        =  1.88013828420112855e-01  0.00000000000000000e+00
SySy        = -2.75831359373009712e-02  0.00000000000000000e+00
