Sz          =  3.17504399713186912e-13  0.00000000000000000e+00
Sx          =  4.75542990481816530e-01  0.00000000000000000e+00
hamiltonian = -9.37861095482301899e-01  0.00000000000000000e+00
SzSz        =  8.18837126149460082e-02  0.00000000000000000e+00
SxSx        =  4.62812729968896275e-01  0.00000000000000000e+00
SySy        = -6.40006509998746753e-02  0.00000000000000000e+00
