Sz          =  3.42399541520994277e-01  0.00000000000000000e+00
Sx          =  3.52968425535969133e-01  0.00000000000000000e+00
hamiltonian = -7.20029441373515655e-01  0.00000000000000000e+00
SzSz        =  2.61170488281283975e-01  0.00000000000000000e+00
SxSx        =  2.70682675158114949e-01  0.00000000000000000e+00
SySy        = -4.02132277598526641e-02  0.00000000000000000e+00
