Sz          = -2.85666095309151707e-12  0.00000000000000000e+00
Sx          =  4.66388345388931091e-01  0.00000000000000000e+00
hamiltonian = -8.43910533564360299e-01  0.00000000000000000e+00
SzSz        =  9.76891809384435178e-02  0.00000000000000000e+00
SxSx        =  4.48738795961625303e-01  0.00000000000000000e+00
SySy        = -6.95416212670945111e-02  0.00000000000000000e+00
