Sz          =  4.94285387198852066e-01  0.00000000000000000e+00
Sx          =  7.52836976265590235e-02  0.00000000000000000e+00
hamiltonian = -5.11271213126338830e-01  0.00000000000000000e+00
SzSz        =  4.88686103838371244e-01  0.00000000000000000e+00
SxSx        =  1.31785242876423445e-02  0.00000000000000000e+00
SySy        = -1.88577060049996198e-03  0.00000000000000000e+00
