Sz          =  7.09488260126280474e-14  0.00000000000000000e+00
Sx          =  4.87737178869681598e-01  0.00000000000000000e+00
hamiltonian = -1.22722461100330027e+00  0.00000000000000000e+00
SzSz        =  5.66553817160550463e-02  0.00000000000000000e+00
SxSx        =  4.81459432526219810e-01  0.00000000000000000e+00
SySy        = -5.00973711835692864e-02  0.00000000000000000e+00
