Sz          =  4.66455702204793543e-01  0.00000000000000000e+00
Sx          =  1.78756770254176578e-01  0.00000000000000000e+00
hamiltonian = -5.61897451117393310e-01  0.00000000000000000e+00
SzSz        =  4.36767711939564540e-01  0.00000000000000000e+00
SxSx        =  7.31464244531301044e-02  0.00000000000000000e+00
SySy        = -1.05506801015306240e-02  0.00000000000000000e+00
