Sz          = -4.83658172302883105e-01  0.00000000000000000e+00
Sx          =  1.26334530229167935e-01  0.00000000000000000e+00
hamiltonian = -5.31415487748591486e-01  0.00000000000000000e+00
SzSz        =  4.68248222634346067e-01  0.00000000000000000e+00
SxSx        =  3.68814966941095890e-02  0.00000000000000000e+00
SySy        = -5.29368126438012256e-03  0.00000000000000000e+00
