Sz          =  4.66455704934727877e-01  0.00000000000000000e+00
Sx          =  1.78756763625434439e-01  0.00000000000000000e+00
hamiltonian = -5.61897451116649571e-01  0.00000000000000000e+00
SzSz        =  4.36767716578940479e-01  0.00000000000000000e+00
SxSx        =  7.31464181394589491e-02  0.00000000000000000e+00
SySy        = -1.05506782062921994e-02  0.00000000000000000e+00
