Sz          = -5.00000000000000000e-01  0.00000000000000000e+00
Sx          =  5.15609837909820576e-11  0.00000000000000000e+00
hamiltonian = -5.00000000000000000e-01  0.00000000000000000e+00
SzSz        =  5.00000000000000000e-01  0.00000000000000000e+00
SxSx        =  7.80566510695754481e-17  0.00000000000000000e+00
SySy        = -7.80513339994853349e-17  0.00000000000000000e+00
