Sz          =  4.54819709037868503e-01  0.00000000000000000e+00
Sx          =  2.05703615607953166e-01  0.00000000000000000e+00
hamiltonian = -5.81118489589628306e-01  0.00000000000000000e+00
SzSz        =  4.16555597104657116e-01  0.00000000000000000e+00
SxSx        =  9.62828386222642357e-02  0.00000000000000000e+00
SySy        = -1.39334471640200699e-02  0.00000000000000000e+00
