Sz          =  9.29157269707836996e-14  0.00000000000000000e+00
Sx          =  4.87737178869680932e-01  0.00000000000000000e+00
hamiltonian = -1.22722461100330027e+00  0.00000000000000000e+00
SzSz        =  5.66553817160565937e-02  0.00000000000000000e+00
SxSx        =  4.81459432526218811e-01  0.00000000000000000e+00
SySy        = -5.00973711835707297e-02  0.00000000000000000e+00
