Sz          =  4.83658172743275605e-01  0.00000000000000000e+00
Sx          =  1.26334528606669605e-01  0.00000000000000000e+00
hamiltonian = -5.31415487748575832e-01  0.00000000000000000e+00
SzSz        =  4.68248223445579426e-01  0.00000000000000000e+00
SxSx        =  3.68814955432112054e-02  0.00000000000000000e+00
SySy        = -5.29368090278855945e-03  0.00000000000000000e+00
