Sz          =  4.40672011331475155e-01  0.00000000000000000e+00
Sx          =  2.33285628924710775e-01  0.00000000000000000e+00
hamiltonian = -6.03069387057805995e-01  0.00000000000000000e+00
SzSz        =  3.93112321041644730e-01  0.00000000000000000e+00
SxSx        =  1.22980474581949259e-01  0.00000000000000000e+00
SySy        = -1.78662708245961241e-02  0.00000000000000000e+00
