Sz          =  4.89712355955360390e-01  0.00000000000000000e+00
Sx          =  1.00677103278392993e-01  0.00000000000000000e+00
hamiltonian = -5.20067358911737943e-01  0.00000000000000000e+00
SzSz        =  4.79796517600394046e-01  0.00000000000000000e+00
SxSx        =  2.35042760844252595e-02  0.00000000000000000e+00
SySy        = -3.36774890384341011e-03  0.00000000000000000e+00
