Sz          =  4.54819699880852191e-01  0.00000000000000000e+00
Sx          =  2.05703634064100527e-01  0.00000000000000000e+00
hamiltonian = -5.81118489594973808e-01  0.00000000000000000e+00
SzSz        =  4.16555582345084774e-01  0.00000000000000000e+00
SxSx        =  9.62828582648645043e-02  0.00000000000000000e+00
SySy        = -1.39334529158081730e-02  0.00000000000000000e+00
