Sz          =  1.14073151902092341e-13  0.00000000000000000e+00
Sx          =  4.89754086990416726e-01  0.00000000000000000e+00
hamiltonian = -1.32495042110843975e+00  0.00000000000000000e+00
SzSz        =  5.15897949333543257e-02  0.00000000000000000e+00
SxSx        =  4.84526500696637275e-01  0.00000000000000000e+00
SySy        = -4.65536625139740604e-02  0.00000000000000000e+00
