Sz          =  4.23449763223080033e-01  0.00000000000000000e+00
Sx          =  2.61635165224122002e-01  0.00000000000000000e+00
hamiltonian = -6.27825504895809683e-01  0.00000000000000000e+00
SzSz        =  3.66190339826558353e-01  0.00000000000000000e+00
SxSx        =  1.53464314955635617e-01  0.00000000000000000e+00
SySy        = -2.23965305031023944e-02  0.00000000000000000e+00
