Sz          = -4.23449718213076753e-01  0.00000000000000000e+00
Sx          =  2.61635228355165894e-01  0.00000000000000000e+00
hamiltonian = -6.27825504986672556e-01  0.00000000000000000e+00
SzSz        =  3.66190276786379831e-01  0.00000000000000000e+00
SxSx        =  1.53464395061128134e-01  0.00000000000000000e+00
SySy        = -2.23965527770131866e-02  0.00000000000000000e+00
