Sz          = -4.97482489226037106e-01  0.00000000000000000e+00
Sx          =  5.00836561184558882e-02  0.00000000000000000e+00
hamiltonian = -5.05004176692116502e-01  0.00000000000000000e+00
SzSz        =  4.94987445468425324e-01  0.00000000000000000e+00
SxSx        =  5.84383644609227752e-03  0.00000000000000000e+00
SySy        = -8.35452997255808514e-04  0.00000000000000000e+00
