Sz          = -1.50900259451962170e-13  0.00000000000000000e+00
Sx          =  4.85019489643428670e-01  0.00000000000000000e+00
hamiltonian = -1.12998528145652011e+00  0.00000000000000000e+00
SzSz        =  6.29424042409080231e-02  0.00000000000000000e+00
SxSx        =  4.77317836229967651e-01  0.00000000000000000e+00
SySy        = -5.41524069446115697e-02  0.00000000000000000e+00
