Sz          = -1.32084197629610663e-13  0.00000000000000000e+00
Sx          =  4.88816293678714930e-01  0.00000000000000000e+00
hamiltonian = -1.27603555074690966e+00  0.00000000000000000e+00
SzSz        =  5.39948165501184796e-02  0.00000000000000000e+00
SxSx        =  4.83101156180808733e-01  0.00000000000000000e+00
SySy        = -4.82663392955175116e-02  0.00000000000000000e+00
