Sz          =  1.59544577161930296e-13  0.00000000000000000e+00
Sx          =  4.81205564161548693e-01  0.00000000000000000e+00
hamiltonian = -1.03342355507396011e+00  0.00000000000000000e+00
SzSz        =  7.10124267502122292e-02  0.00000000000000000e+00
SxSx        =  4.71490622129878800e-01  0.00000000000000000e+00
SySy        = -5.87853237795069455e-02  0.00000000000000000e+00
