Sz          =  1.76755658187053911e-14  0.00000000000000000e+00
Sx          =  4.91298098071585199e-01  0.00000000000000000e+00
hamiltonian = -1.42303986960011364e+00  0.00000000000000000e+00
SzSz        =  4.74051949996752431e-02  0.00000000000000000e+00
SxSx        =  4.86870292554257234e-01  0.00000000000000000e+00
SySy        = -4.34467331676439902e-02  0.00000000000000000e+00
