Sz          =  4.89712356048461750e-01  0.00000000000000000e+00
Sx          =  1.00677102836788837e-01  0.00000000000000000e+00
hamiltonian = -5.20067358911737276e-01  0.00000000000000000e+00
SzSz        =  4.79796517777035081e-01  0.00000000000000000e+00
SxSx        =  2.35042758292235317e-02  0.00000000000000000e+00
SySy        = -3.36774882207889134e-03  0.00000000000000000e+00
