Sz          =  8.18766665057586761e-04  0.00000000000000000e+00
Sx          =  4.81205045405237952e-01  0.00000000000000000e+00
hamiltonian = -1.03342333864692004e+00  0.00000000000000000e+00
SzSz        =  7.10132478453216198e-02  0.00000000000000000e+00
SxSx        =  4.71489697562988863e-01  0.00000000000000000e+00
SySy        = -5.87851222414569052e-02  0.00000000000000000e+00
