Sz          =  5.24885332483278483e-02  0.00000000000000000e+00
Sx          =  4.69637093535744732e-01  0.00000000000000000e+00
hamiltonian = -8.90359842388733003e-01  0.00000000000000000e+00
SzSz        =  9.19767887187279420e-02  0.00000000000000000e+00
SxSx        =  4.53364903680408160e-01  0.00000000000000000e+00
SySy        = -6.59914174177048812e-02  0.00000000000000000e+00
