Sz          =  4.75974310418626478e-01  0.00000000000000000e+00
Sx          =  1.52332681812367116e-01  0.00000000000000000e+00
hamiltonian = -5.45345944127130111e-01  0.00000000000000000e+00
SzSz        =  4.53946335044736693e-01  0.00000000000000000e+00
SxSx        =  5.33926752604039698e-02  0.00000000000000000e+00
SySy        = -7.68049770546406618e-03  0.00000000000000000e+00
