Sz          = -4.54819696403663043e-01  0.00000000000000000e+00
Sx          =  2.05703641072439852e-01  0.00000000000000000e+00
hamiltonian = -5.81118489597003185e-01  0.00000000000000000e+00
SzSz        =  4.16555576740442690e-01  0.00000000000000000e+00
SxSx        =  9.62828657237429913e-02  0.00000000000000000e+00
SySy        = -1.39334550999396373e-02  0.00000000000000000e+00
