Sz          =  6.35691522573466993e-07  0.00000000000000000e+00
Sx          =  4.89754086990074777e-01  0.00000000000000000e+00
hamiltonian = -1.32495042110810002e+00  0.00000000000000000e+00
SzSz        =  5.15897949339033726e-02  0.00000000000000000e+00
SxSx        =  4.84526500696007612e-01  0.00000000000000000e+00
SySy        = -4.65536625138463570e-02  0.00000000000000000e+00
