Sz          =  3.75964416142307537e-13  0.00000000000000000e+00
Sx          =  4.71571923227488088e-01  0.00000000000000000e+00
hamiltonian = -8.90625430133050955e-01  0.00000000000000000e+00
SzSz        =  8.89531606457940605e-02  0.00000000000000000e+00
SxSx        =  4.56712935957843569e-01  0.00000000000000000e+00
SySy        = -6.67700917682065437e-02  0.00000000000000000e+00
