Sz          =  4.75974311279158291e-01  0.00000000000000000e+00
Sx          =  1.52332679264901655e-01  0.00000000000000000e+00
hamiltonian = -5.45345944127034965e-01  0.00000000000000000e+00
SzSz        =  4.53946336573121112e-01  0.00000000000000000e+00
SxSx        =  5.33926731353240730e-02  0.00000000000000000e+00
SySy        = -7.68049705229653136e-03  0.00000000000000000e+00
