Sz          = -4.94285387139632659e-01  0.00000000000000000e+00
Sx          =  7.52836980097799230e-02  0.00000000000000000e+00
hamiltonian = -5.11271213126338719e-01  0.00000000000000000e+00
SzSz        =  4.88686103723405041e-01  0.00000000000000000e+00
SxSx        =  1.31785244563318183e-02  0.00000000000000000e+00
SySy        = -1.88577065544443456e-03  0.00000000000000000e+00
