Sz          =  5.84090976464808699e-14  0.00000000000000000e+00
Sx          =  4.92509565166792396e-01  0.00000000000000000e+00
hamiltonian = -1.52140952584773648e+00  0.00000000000000000e+00
SzSz        =  4.38808303473586653e-02  0.00000000000000000e+00
SxSx        =  4.88706591604535667e-01  0.00000000000000000e+00
SySy        = -4.07090179083207451e-02  0.00000000000000000e+00
