Sz          =  9.22549500436140589e-15  0.00000000000000000e+00
Sx          =  4.90574952081232307e-01  0.00000000000000000e+00
hamiltonian = -1.37395560937220695e+00  0.00000000000000000e+00
SzSz        =  4.94032387528790806e-02  0.00000000000000000e+00
SxSx        =  4.85773031378075038e-01  0.00000000000000000e+00
SySy        = -4.49500527960753626e-02  0.00000000000000000e+00
