Sz          =  5.00000000000000000e-01  0.00000000000000000e+00
Sx          =  0.00000000000000000e+00  0.00000000000000000e+00
hamiltonian = -5.00000000000000000e-01  0.00000000000000000e+00
SzSz        =  5.00000000000000000e-01  0.00000000000000000e+00
SxSx        =  0.00000000000000000e+00  0.00000000000000000e+00
SySy        =  0.00000000000000000e+00  0.00000000000000000e+00
