Sz          =  2.35505818632536057e-01  0.00000000000000000e+00
Sx          =  4.20066112983784157e-01  0.00000000000000000e+00
hamiltonian = -7.98268811250340771e-01  0.00000000000000000e+00
SzSz        =  1.68169642865091257e-01  0.00000000000000000e+00
SxSx        =  3.72327234410696595e-01  0.00000000000000000e+00
SySy        = -5.60004542848485734e-02  0.00000000000000000e+00
