Sz          =  1.36681658727360184e-01  0.00000000000000000e+00
Sx          =  4.53495515533548610e-01  0.00000000000000000e+00
hamiltonian = -8.43205685246860570e-01  0.00000000000000000e+00
SzSz        =  1.17612865149129317e-01  0.00000000000000000e+00
SxSx        =  4.26766196551326971e-01  0.00000000000000000e+00
SySy        = -6.42994343681697333e-02  0.00000000000000000e+00
