Sz          =  1.30763302755872675e-13  0.00000000000000000e+00
Sx          =  4.86485308799760263e-01  0.00000000000000000e+00
hamiltonian = -1.17853428012705819e+00  0.00000000000000000e+00
SzSz        =  5.96180698875849180e-02  0.00000000000000000e+00
SxSx        =  4.79552859688686606e-01  0.00000000000000000e+00
SySy        = -5.20562996767814992e-02  0.00000000000000000e+00
