Sz          =  2.09591187398124177e-07  0.00000000000000000e+00
Sx          =  4.90574952081195503e-01  0.00000000000000000e+00
hamiltonian = -1.37395560937216632e+00  0.00000000000000000e+00
SzSz        =  4.94032387529375894e-02  0.00000000000000000e+00
SxSx        =  4.85773031378006592e-01  0.00000000000000000e+00
SySy        = -4.49500527960603191e-02  0.00000000000000000e+00
