Sz          = -4.66455701072053919e-01  0.00000000000000000e+00
Sx          =  1.78756773004659475e-01  0.00000000000000000e+00
hamiltonian = -5.61897451117701952e-01  0.00000000000000000e+00
SzSz        =  4.36767710014535127e-01  0.00000000000000000e+00
SxSx        =  7.31464270728799104e-02  0.00000000000000000e+00
SySy        = -1.05506808879274310e-02  0.00000000000000000e+00
