Sz          = -3.76005040225003251e-01  0.00000000000000000e+00
Sx          =  3.21290065096646704e-01  0.00000000000000000e+00
hamiltonian = -6.86162472933657286e-01  0.00000000000000000e+00
SzSz        =  3.00614395065422146e-01  0.00000000000000000e+00
SxSx        =  2.26965853874174756e-01  0.00000000000000000e+00
SySy        = -3.34969578214084490e-02  0.00000000000000000e+00
