Sz          =  1.45602554481676777e-01  0.00000000000000000e+00
Sx          =  4.51659340117111285e-01  0.00000000000000000e+00
hamiltonian = -8.43079248933567005e-01  0.00000000000000000e+00
SzSz        =  1.20424308836741795e-01  0.00000000000000000e+00
SxSx        =  4.23645561848932262e-01  0.00000000000000000e+00
SySy        = -6.35577432107550383e-02  0.00000000000000000e+00
