Sz          =  3.15357882888859554e-03  0.00000000000000000e+00
Sx          =  4.78668828765757115e-01  0.00000000000000000e+00
hamiltonian = -9.85486688608974148e-01  0.00000000000000000e+00
SzSz        =  7.60159139810459017e-02  0.00000000000000000e+00
SxSx        =  4.67604723419889734e-01  0.00000000000000000e+00
SySy        = -6.13227850424297449e-02  0.00000000000000000e+00
