Sz          =  6.56196008419089919e-05  0.00000000000000000e+00
Sx          =  4.85019486174445902e-01  0.00000000000000000e+00
hamiltonian = -1.12998527934982884e+00  0.00000000000000000e+00
SzSz        =  6.29424097659982834e-02  0.00000000000000000e+00
SxSx        =  4.77317829963013751e-01  0.00000000000000000e+00
SySy        = -5.41524056238275528e-02  0.00000000000000000e+00
