Sz          =  2.97763768197626733e-01  0.00000000000000000e+00
Sx          =  3.86082920910499783e-01  0.00000000000000000e+00
hamiltonian = -7.57304213743825172e-01  0.00000000000000000e+00
SzSz        =  2.16788125807046789e-01  0.00000000000000000e+00
SxSx        =  3.19443750438485830e-01  0.00000000000000000e+00
SySy        = -4.77883872264896273e-02  0.00000000000000000e+00
