Sz          =  4.94285387198851456e-01  0.00000000000000000e+00
Sx          =  7.52836976265628677e-02  0.00000000000000000e+00
hamiltonian = -5.11271213126338719e-01  0.00000000000000000e+00
SzSz        =  4.88686103838370189e-01  0.00000000000000000e+00
SxSx        =  1.31785242876434928e-02  0.00000000000000000e+00
SySy        = -1.88577060049995569e-03  0.00000000000000000e+00
