Sz          =  2.36345408101700189e-08  0.00000000000000000e+00
Sx          =  4.91938847905394550e-01  0.00000000000000000e+00
hamiltonian = -1.47219381254619486e+00  0.00000000000000000e+00
SzSz        =  4.55711536205501283e-02  0.00000000000000000e+00
SxSx        =  4.87841822607197717e-01  0.00000000000000000e+00
SySy        = -4.20355521264260470e-02  0.00000000000000000e+00
