Sz          = -4.75005771746472824e-10  0.00000000000000000e+00
Sx          =  4.59344255880147323e-01  0.00000000000000000e+00
hamiltonian = -7.97923612453744657e-01  0.00000000000000000e+00
SzSz        =  1.08907228632617092e-01  0.00000000000000000e+00
SxSx        =  4.37891183390008376e-01  0.00000000000000000e+00
SySy        = -7.21098796818833154e-02  0.00000000000000000e+00
