Sz          =  4.66455704934723658e-01  0.00000000000000000e+00
Sx          =  1.78756763625443904e-01  0.00000000000000000e+00
hamiltonian = -5.61897451116649682e-01  0.00000000000000000e+00
SzSz        =  4.36767716578933762e-01  0.00000000000000000e+00
SxSx        =  7.31464181394706620e-02  0.00000000000000000e+00
SySy        = -1.05506782062979882e-02  0.00000000000000000e+00
