Sz          =  3.30776948761460181e-14  0.00000000000000000e+00
Sx          =  4.91938847905394883e-01  0.00000000000000000e+00
hamiltonian = -1.47219381254619552e+00  0.00000000000000000e+00
SzSz        =  4.55711536205497120e-02  0.00000000000000000e+00
SxSx        =  4.87841822607198439e-01  0.00000000000000000e+00
SySy        = -4.20355521264265813e-02  0.00000000000000000e+00
