Sz          =  4.44648145267219493e-06  0.00000000000000000e+00
Sx          =  4.78676320971745672e-01  0.00000000000000000e+00
hamiltonian = -9.85489107404400766e-01  0.00000000000000000e+00
SzSz        =  7.60040975580682787e-02  0.00000000000000000e+00
SxSx        =  4.67617966528452333e-01  0.00000000000000000e+00
SySy        = -6.13257287917959720e-02  0.00000000000000000e+00
