Sz          =  4.40672044226338433e-01  0.00000000000000000e+00
Sx          =  2.33285573599266910e-01  0.00000000000000000e+00
hamiltonian = -6.03069387020656045e-01  0.00000000000000000e+00
SzSz        =  3.93112370797393862e-01  0.00000000000000000e+00
SxSx        =  1.22980409864734783e-01  0.00000000000000000e+00
SySy        = -1.78662523530541163e-02  0.00000000000000000e+00
