Sz          =  3.42414558255101642e-01  0.00000000000000000e+00
Sx          =  3.52957122457074834e-01  0.00000000000000000e+00
hamiltonian = -7.20029321049709625e-01  0.00000000000000000e+00
SzSz        =  2.61185061959786580e-01  0.00000000000000000e+00
SxSx        =  2.70665439571002420e-01  0.00000000000000000e+00
SySy        = -4.02088052988458025e-02  0.00000000000000000e+00
