Sz          =  1.08643721864713211e-13  0.00000000000000000e+00
Sx          =  4.89754086990416393e-01  0.00000000000000000e+00
hamiltonian = -1.32495042110844019e+00  0.00000000000000000e+00
SzSz        =  5.15897949333551514e-02  0.00000000000000000e+00
SxSx        =  4.84526500696636886e-01  0.00000000000000000e+00
SySy        = -4.65536625139745947e-02  0.00000000000000000e+00
