Sz          = -8.51876295980818676e-14  0.00000000000000000e+00
Sx          =  4.88816293678713265e-01  0.00000000000000000e+00
hamiltonian = -1.27603555074690966e+00  0.00000000000000000e+00
SzSz        =  5.39948165501230176e-02  0.00000000000000000e+00
SxSx        =  4.83101156180805902e-01  0.00000000000000000e+00
SySy        = -4.82663392955202455e-02  0.00000000000000000e+00
