Sz          =  4.99373912558334965e-01  0.00000000000000000e+00
Sx          =  2.50104273109835740e-02  0.00000000000000000e+00
hamiltonian = -5.01250260547362436e-01  0.00000000000000000e+00
SzSz        =  4.98749217816264245e-01  0.00000000000000000e+00
SxSx        =  1.45899065689955934e-03  0.00000000000000000e+00
SySy        = -2.08468990498861923e-04  0.00000000000000000e+00
