Sz          =  1.29592041662934098e-02  0.00000000000000000e+00
Sx          =  4.75420602522115932e-01  0.00000000000000000e+00
hamiltonian = -9.37833059254380097e-01  0.00000000000000000e+00
SzSz        =  8.20759757895068304e-02  0.00000000000000000e+00
SxSx        =  4.62598470495927616e-01  0.00000000000000000e+00
SySy        = -6.39519807277474511e-02  0.00000000000000000e+00
