Sz          =  4.97482489246794612e-01  0.00000000000000000e+00
Sx          =  5.00836559136188450e-02  0.00000000000000000e+00
hamiltonian = -5.05004176692116391e-01  0.00000000000000000e+00
SzSz        =  4.94987445509392665e-01  0.00000000000000000e+00
SxSx        =  5.84383638526387965e-03  0.00000000000000000e+00
SySy        = -8.35452977195349253e-04  0.00000000000000000e+00
