Sz          =  1.54182048877182217e-14  0.00000000000000000e+00
Sx          =  4.83284670370666858e-01  0.00000000000000000e+00
hamiltonian = -1.08160379450841471e+00  0.00000000000000000e+00
SzSz        =  6.67059867298096659e-02  0.00000000000000000e+00
SxSx        =  4.74669260991020969e-01  0.00000000000000000e+00
SySy        = -5.63937445843812613e-02  0.00000000000000000e+00
