Sz          =  8.05233985635867456e-09  0.00000000000000000e+00
Sx          =  4.92509565166792451e-01  0.00000000000000000e+00
hamiltonian = -1.52140952584773648e+00  0.00000000000000000e+00
SzSz        =  4.38808303473582142e-02  0.00000000000000000e+00
SxSx        =  4.88706591604535778e-01  0.00000000000000000e+00
SySy        = -4.07090179083200929e-02  0.00000000000000000e+00
