Sz          =  4.54819709037859565e-01  0.00000000000000000e+00
Sx          =  2.05703615607971346e-01  0.00000000000000000e+00
hamiltonian = -5.81118489589628417e-01  0.00000000000000000e+00
SzSz        =  4.16555597104642517e-01  0.00000000000000000e+00
SxSx        =  9.62828386222833316e-02  0.00000000000000000e+00
SySy        = -1.39334471640254285e-02  0.00000000000000000e+00
