Sz          =  3.76006050407384274e-01  0.00000000000000000e+00
Sx          =  3.21289107711886457e-01  0.00000000000000000e+00
hamiltonian = -6.86162467526781228e-01  0.00000000000000000e+00
SzSz        =  3.00615538520207282e-01  0.00000000000000000e+00
SxSx        =  2.26964468513877915e-01  0.00000000000000000e+00
SySy        = -3.34965926123196173e-02  0.00000000000000000e+00
