Sz          =  4.83658172461342462e-01  0.00000000000000000e+00
Sx          =  1.26334529645371230e-01  0.00000000000000000e+00
hamiltonian = -5.31415487748585824e-01  0.00000000000000000e+00
SzSz        =  4.68248222926238800e-01  0.00000000000000000e+00
SxSx        =  3.68814962799970392e-02  0.00000000000000000e+00
SySy        = -5.29368113427054147e-03  0.00000000000000000e+00
