Sz          =  2.26133212074370162e-04  0.00000000000000000e+00
Sx          =  4.83284629921899689e-01  0.00000000000000000e+00
hamiltonian = -1.08160377379732831e+00  0.00000000000000000e+00
SzSz        =  6.67060509615359648e-02  0.00000000000000000e+00
SxSx        =  4.74669188379237217e-01  0.00000000000000000e+00
SySy        = -5.63937290337677352e-02  0.00000000000000000e+00
