Sz          = -4.02321869057914061e-01  0.00000000000000000e+00
Sx          =  2.90909246742682370e-01  0.00000000000000000e+00
hamiltonian = -6.55482175535749056e-01  0.00000000000000000e+00
SzSz        =  3.35482004139841639e-01  0.00000000000000000e+00
SxSx        =  1.88014138379605594e-01  0.00000000000000000e+00
SySy        = -2.75832198688091938e-02  0.00000000000000000e+00
