Sz          =  4.94285387169941637e-01  0.00000000000000000e+00
Sx          =  7.52836978136447177e-02  0.00000000000000000e+00
hamiltonian = -5.11271213126338830e-01  0.00000000000000000e+00
SzSz        =  4.88686103782245640e-01  0.00000000000000000e+00
SxSx        =  1.31785243699946795e-02  0.00000000000000000e+00
SySy        = -1.88577062732278697e-03  0.00000000000000000e+00
