Sz          =  4.97482489239984504e-01  0.00000000000000000e+00
Sx          =  5.00836559808212067e-02  0.00000000000000000e+00
hamiltonian = -5.05004176692116502e-01  0.00000000000000000e+00
SzSz        =  4.94987445495952139e-01  0.00000000000000000e+00
SxSx        =  5.84383640522631326e-03  0.00000000000000000e+00
SySy        = -8.35452983782815394e-04  0.00000000000000000e+00
