Sz          =  5.47062361014198269e-09  0.00000000000000000e+00
Sx          =  4.81205564161547639e-01  0.00000000000000000e+00
hamiltonian = -1.03342355507396011e+00  0.00000000000000000e+00
SzSz        =  7.10124267502144357e-02  0.00000000000000000e+00
SxSx        =  4.71490622129876913e-01  0.00000000000000000e+00
SySy        = -5.87853237795067998e-02  0.00000000000000000e+00
