Sz          = -3.48857980649012892e-04  0.00000000000000000e+00
Sx          =  4.49190814906342495e-01  0.00000000000000000e+00
hamiltonian = -7.53040158058756681e-01  0.00000000000000000e+00
SzSz        =  1.24173017197557828e-01  0.00000000000000000e+00
SxSx        =  4.22257262451072868e-01  0.00000000000000000e+00
SySy        = -7.40024427311793132e-02  0.00000000000000000e+00
