Sz          =  4.75974311279163675e-01  0.00000000000000000e+00
Sx          =  1.52332679264885057e-01  0.00000000000000000e+00
hamiltonian = -5.45345944127035076e-01  0.00000000000000000e+00
SzSz        =  4.53946336573131104e-01  0.00000000000000000e+00
SxSx        =  5.33926731353136508e-02  0.00000000000000000e+00
SySy        = -7.68049705229606125e-03  0.00000000000000000e+00
