Sz          =  6.28822977875754414e-15  0.00000000000000000e+00
Sx          =  4.90574952081231919e-01  0.00000000000000000e+00
hamiltonian = -1.37395560937220673e+00  0.00000000000000000e+00
SzSz        =  4.94032387528799063e-02  0.00000000000000000e+00
SxSx        =  4.85773031378074482e-01  0.00000000000000000e+00
SySy        = -4.49500527960759177e-02  0.00000000000000000e+00
