Sz          = -4.40671999513943813e-01  0.00000000000000000e+00
Sx          =  2.33285648800444168e-01  0.00000000000000000e+00
hamiltonian = -6.03069387071149432e-01  0.00000000000000000e+00
SzSz        =  3.93112303166828270e-01  0.00000000000000000e+00
SxSx        =  1.22980497831716495e-01  0.00000000000000000e+00
SySy        = -1.78662774605515863e-02  0.00000000000000000e+00
