Sz          =  7.97994792000879163e-04  0.00000000000000000e+00
Sx          =  4.75542526619474715e-01  0.00000000000000000e+00
hamiltonian = -9.37860989262411349e-01  0.00000000000000000e+00
SzSz        =  8.18844413514025482e-02  0.00000000000000000e+00
SxSx        =  4.62811917881272072e-01  0.00000000000000000e+00
SySy        = -6.40004665081244928e-02  0.00000000000000000e+00
