Sz          =  2.60742330218753718e-02  0.00000000000000000e+00
Sx          =  4.71096968866566324e-01  0.00000000000000000e+00
hamiltonian = -8.90560814037911874e-01  0.00000000000000000e+00
SzSz        =  8.96959685448500410e-02  0.00000000000000000e+00
SxSx        =  4.55890851127605023e-01  0.00000000000000000e+00
SySy        = -6.65787690826812606e-02  0.00000000000000000e+00
